Material = 80Co20Pt
Radius = 0.100000 um
Thickness = 0.040000 um
magnet       X (um)    Y (um)
m1 = (0.002000, 0.036000)
m2 = (0.026000, 0.038000)
m3 = (0.022000, 0.040000)
m4 = (0.024000, 0.038000)
m5 = (0.018000, 0.048000)
m6 = (0.014000, 0.034000)
m7 = (0.028000, 0.038000)
m8 = (0.022000, 0.038000)
m9 = (0.026000, 0.034000)
m10 = (0.012000, 0.036000)
m11 = (0.014000, 0.038000)
m12 = (0.010000, 0.038000)
m13 = (0.020000, 0.036000)
m14 = (0.008000, 0.022000)
m15 = (0.002000, 0.012000)
m16 = (0.004000, 0.034000)
m17 = (0.006000, 0.038000)
m18 = (0.012000, 0.040000)
m19 = (0.014000, 0.036000)
m20 = (0.006000, 0.046000)
m21 = (0.018000, 0.062000)
m22 = (0.016000, 0.022000)
m23 = (0.016000, 0.042000)
m24 = (0.008000, 0.004000)
m25 = (0.010000, 0.042000)
m26 = (0.020000, 0.070000)
m27 = (0.016000, 0.014000)
m28 = (0.024000, 0.022000)
m29 = (0.022000, 0.014000)
m30 = (0.026000, 0.064000)
m31 = (0.018000, 0.032000)
m32 = (0.030000, 0.068000)
m33 = (0.030000, 0.024000)
m34 = (0.030000, 0.022000)
m35 = (0.034000, 0.004000)
m36 = (0.034000, 0.034000)
m37 = (0.038000, 0.010000)
m38 = (0.032000, 0.032000)
m39 = (0.032000, 0.034000)
m40 = (0.046000, 0.028000)
m41 = (0.048000, 0.036000)
m42 = (0.040000, 0.036000)
m43 = (0.050000, 0.004000)
m44 = (0.048000, 0.042000)
m45 = (0.040000, 0.022000)
m46 = (0.044000, 0.046000)
m47 = (0.044000, 0.018000)
m48 = (0.034000, 0.040000)
m49 = (0.028000, 0.036000)
m50 = (0.028000, 0.034000)
m51 = (0.040000, 0.026000)
m52 = (0.050000, 0.032000)
m53 = (0.030000, 0.036000)
m54 = (0.068000, 0.046000)
m55 = (0.038000, 0.034000)
m56 = (0.006000, 0.044000)
m57 = (0.002000, 0.044000)
m58 = (0.026000, 0.022000)
m59 = (0.030000, 0.034000)
m60 = (0.038000, 0.018000)
m61 = (0.032000, 0.024000)
m62 = (0.024000, 0.004000)
m63 = (0.034000, 0.038000)
m64 = (0.030000, 0.028000)
m65 = (0.032000, 0.028000)
m66 = (0.070000, 0.058000)