Material = 80Co20Pt
Radius = 0.100000 um
Thickness = 0.040000 um
magnet       X (um)    Y (um)
m1 = (0.060000, 0.960000)
m2 = (0.660000, 1.020000)
m3 = (0.600000, 1.080000)
m4 = (0.660000, 1.080000)
m5 = (0.540000, 1.320000)
m6 = (0.360000, 0.900000)
m7 = (0.720000, 1.080000)
m8 = (0.600000, 1.020000)
m9 = (0.720000, 0.960000)
m10 = (0.360000, 1.020000)
m11 = (0.420000, 1.020000)
m12 = (0.240000, 1.020000)
m13 = (0.540000, 0.960000)
m14 = (0.180000, 0.600000)
m15 = (0.060000, 0.300000)
m16 = (0.120000, 0.900000)
m17 = (0.180000, 1.020000)
m18 = (0.300000, 1.080000)
m19 = (0.480000, 1.020000)
m20 = (0.180000, 1.260000)
m21 = (0.480000, 1.680000)
m22 = (0.420000, 0.660000)
m23 = (0.420000, 1.200000)
m24 = (0.240000, 0.120000)
m25 = (0.300000, 1.140000)
m26 = (0.540000, 1.920000)
m27 = (0.420000, 0.420000)
m28 = (0.660000, 0.600000)
m29 = (0.600000, 0.360000)
m30 = (0.720000, 1.740000)
m31 = (0.480000, 0.900000)
m32 = (0.840000, 1.920000)
m33 = (0.840000, 0.660000)
m34 = (0.840000, 0.600000)
m35 = (0.900000, 0.120000)
m36 = (0.900000, 0.960000)
m37 = (1.080000, 0.300000)
m38 = (0.840000, 0.900000)
m39 = (0.840000, 0.960000)
m40 = (1.260000, 0.780000)
m41 = (1.320000, 1.020000)
m42 = (1.140000, 1.020000)
m43 = (1.380000, 0.120000)
m44 = (1.320000, 1.140000)
m45 = (1.080000, 0.600000)
m46 = (1.200000, 1.320000)
m47 = (1.260000, 0.540000)
m48 = (0.960000, 1.080000)
m49 = (0.780000, 0.960000)
m50 = (0.900000, 0.840000)
m51 = (1.140000, 0.720000)
m52 = (1.380000, 0.900000)
m53 = (0.900000, 0.900000)
m54 = (1.860000, 1.260000)
m55 = (1.020000, 0.960000)
m56 = (0.240000, 1.260000)
m57 = (0.060000, 1.200000)
m58 = (0.660000, 0.660000)
m59 = (0.780000, 0.840000)
m60 = (1.020000, 0.480000)
m61 = (0.900000, 0.660000)
m62 = (0.660000, 0.120000)
m63 = (0.960000, 1.020000)
m64 = (0.780000, 0.780000)
m65 = (0.840000, 0.780000)
m66 = (1.920000, 1.620000)